2.062877784094720168e-02 5.840960267090936076e-02 3.383824183669248420e-02 1.043856222387856691e-01 -2.455881590653531676e-02 -1.064180435947115894e-02 5.114313726721022441e-03 -4.572428022143792264e-02 3.353647591825748703e-02 4.809862912443323146e-02
1.933523952256288592e-02 9.266855575224154651e-02 -1.174240785376868580e-03 2.589327092665509311e-01 1.867826252139387355e-01 9.446470843153399743e-02 -2.073084772706936321e-02 -1.850024951128542011e-02 -6.701544125319239265e-02 1.854253896658373136e-03
1.034694951264603612e-02 4.892296566917808676e-02 1.225254271251305024e-02 1.079054553640753505e-01 -2.266750659536992049e-02 -2.345611455276666590e-02 6.961670754754815602e-03 -1.561358390597770117e-02 5.939355993781137572e-02 6.610461922546435887e-02
1.406572499365343551e-02 8.117440839783769679e-02 -2.184063359185497641e-02 1.003149828719904629e-01 -5.609501200081892867e-05 2.179251588364008660e-02 7.143576937110581414e-03 8.648646886148145599e-03 2.989549338950728274e-01 6.105891441830749167e-02
2.211793098301489957e-02 7.211701388458030548e-02 7.058471345576296935e-03 1.486572993169868739e-01 -2.515957210325462171e-02 9.461894070466066176e-02 3.187754291692975871e-03 3.168060279313251668e-03 -2.272888533288518476e-01 2.720091735124200924e-02
2.963885304661629388e-02 1.702464664448202769e-01 -1.831911178088896364e-02 3.703016063681059955e-01 7.154998913413165296e-01 2.916185144337322607e-02 -1.223226271494878663e-02 6.989628525341552712e-02 -3.636671418925274679e-02 -1.405751498015358342e-02
1.058486015432766846e-02 6.265995860450586374e-02 9.985721105697353134e-03 1.021643277971042152e-01 2.663069430049549435e-01 6.742308525899166037e-03 5.791685772170865418e-04 5.611716837031512778e-02 -4.242983048028058091e-02 -9.420201609115766081e-03
7.627881320007142731e-03 3.353500206085782004e-02 -2.125748875081475819e-03 9.197778915199197880e-02 2.470016845014200504e-02 4.382260766422817200e-02 -1.302806541788689362e-02 -9.461418185148118276e-03 2.136283327103986537e-02 1.428344744991386778e-02
2.200690224487748814e-02 6.538448317736046678e-02 5.743210238153587804e-02 6.735515756170899759e-02 1.607037915361827010e-02 -1.531584526688807742e-02 1.208828988679044002e-02 -7.037012390597673084e-02 6.603787251388586188e-02 1.316405501485675388e-02
1.916743421652661664e-02 6.617871892924362398e-02 1.077679477660535047e-02 8.481283901395238189e-02 -8.374129156339893409e-03 3.761442761803347225e-03 2.383932171697237049e-02 -5.944281721862781226e-02 -6.596517179158560562e-02 -3.573910611367558249e-02
2.106572571997677654e-02 1.061676122856057558e-01 1.392972480481268188e-03 2.195550868105236308e-01 8.805327514254528143e-02 9.888399800871891521e-02 6.465727585089522944e-03 2.410382758825703811e-02 -5.130174563199692978e-02 -4.733502757275012685e-02
7.131779280771786446e-03 3.634608836706881146e-02 8.892934602921908488e-03 4.698751541526739739e-02 1.025501548084818346e-02 1.434805379235389207e-02 -2.647628867197508642e-03 -2.057317026041621116e-02 4.094960410525166211e-02 -6.509419569651458959e-02
1.723500266676367479e-02 9.859517748614630983e-02 -2.235647350234509084e-02 1.488703047843064342e-01 3.374761422517305598e-02 1.613955169833443046e-02 -5.898658606527505503e-03 -3.893327855058706377e-02 4.322325950878715961e-01 3.816451644718280717e-02
3.236352836330535360e-02 1.301578563627138752e-01 1.800528616483798583e-02 3.530631611170386708e-01 -1.034183657956396496e-01 -8.793277697368365176e-02 2.773256653873488759e-03 -8.221945943582814609e-02 -3.274980791902118438e-02 7.116661804184635370e-03
5.077635146748709499e-02 2.002555562052079630e-01 -3.875125866496970800e-02 5.360146675336557864e-02 -3.663388695205657686e-02 -7.141470464493178405e-02 1.218386027638556713e-03 -1.328071331430797086e-01 -2.631579416999879073e-01 9.876815912489224358e-02
4.741675982542869344e-02 3.850997905123140774e-01 -1.279547769861462125e-01 1.271282816350165212e-01 -1.389125357406577888e-01 6.359790417835757825e-01 -4.304415128814501751e-02 4.955698099373269661e-01 -3.071017866060475610e-03 3.202905373789114579e-02
1.209202476472109357e-02 3.255179669153877853e-02 6.024443639246679881e-03 7.795516044983434589e-02 -8.887979472288977736e-03 -8.817178615060037574e-04 1.690472562151322869e-02 -2.036532754428833220e-02 -1.081364336985979856e-02 -4.010578134363792548e-03
2.324004914952752451e-02 1.112580033722084250e-01 1.223090212457211313e-02 2.199825192725929912e-01 -4.733403137966645663e-02 8.270397596543351687e-03 9.542088065888762113e-03 -4.178310466993812033e-02 1.402933162665462863e-01 -9.137176009657435594e-02
1.864022159041420559e-02 8.610876605887990420e-02 1.714919818442933383e-02 2.491734909551602817e-01 -1.979372177148419620e-01 -6.268434143205803277e-01 -1.062702097158674530e-01 6.367788086929151437e-01 -6.918086412051448891e-03 1.867940023137401595e-02
1.864022159041420559e-02 8.610876605887990420e-02 1.714919818442933383e-02 2.491734909551602817e-01 -1.979372177148419620e-01 -6.268434143205804387e-01 -1.062702097158674530e-01 6.367788086929151437e-01 -6.918086412051445422e-03 1.867940023137402289e-02
8.324681345112406108e-03 3.758317059996715143e-02 1.690617487247201949e-03 8.892946982354442420e-02 -1.523705453513186925e-02 -7.451202209767757156e-02 -4.309966068274722825e-03 8.876272305847404676e-02 -5.654131978810991027e-02 3.561056666786020092e-02
2.175011157894747929e-02 1.066990186975338151e-01 1.454680992170086229e-02 2.434103729483572121e-01 1.314849000195783268e-01 1.222955337429236095e-01 -1.445358594365365144e-02 3.048319312532960738e-03 -1.856441906432007016e-01 -2.870537131649421314e-02
1.849927242917107084e-02 4.290265892730309866e-02 4.019902134393024684e-02 3.504925265544447249e-02 -1.326985984370366613e-03 -2.421855337344093820e-02 2.425737453530880591e-02 -3.877004042696938907e-02 -2.364755257539223610e-02 -1.106940429853576872e-02
2.609815085516017236e-02 1.325240017681103555e-01 -9.169267403490655860e-03 2.867653003067510697e-01 1.026716672431176591e-01 -2.195802299677703309e-02 5.265247762930739227e-03 -1.565645984987267259e-01 3.186979681676510578e-01 -1.104123360984216040e-01
2.807088364521096238e-02 1.165721566987876351e-01 2.253964839336635925e-02 3.120694600336618718e-01 -1.048380514882624459e-01 -3.620777823981719684e-02 4.172285124994900424e-02 -8.054330003971205132e-02 7.624634817944718479e-02 7.770010626464469994e-02
2.203327472277069946e-02 1.082432108930720810e-01 8.917895511883020682e-03 2.324204738827806704e-01 1.386416709554273707e-01 -4.068834952503534719e-02 4.633777130566339372e-03 -1.239741256640552042e-01 1.550872207713817619e-01 -6.168844453594182764e-02
3.649476029655917414e-02 1.504141062907490278e-01 -1.240222735335994378e-02 4.189912278322237005e-01 -1.499624867627496194e-01 1.078798983393626787e-01 4.097695896941447487e-03 -1.547282648177684614e-02 4.578264627801711256e-02 1.294785847938833417e-03
9.082688570113921570e-03 4.516578531781401118e-02 9.459270880053360572e-03 8.718561222821780143e-02 -9.106553240183357448e-03 3.682429549337525032e-02 7.784284997196735598e-03 -5.744620727394315549e-03 -5.053947179432236730e-02 -5.023320888290363356e-02
3.561692957553182909e-02 1.371719537694039981e-01 7.408354840743614509e-04 4.195813610012024686e-01 -1.158087565474908015e-01 -3.734374673023241331e-02 1.515070654561934474e-02 -1.462064093715711444e-01 4.887480457543556811e-02 2.401524755345276971e-02
2.391121052289158638e-02 8.257631407891652398e-02 -3.705093489093343531e-03 1.854783822398118898e-01 -1.707647014218667894e-02 -1.564576473341600105e-02 4.218665313084777528e-04 -1.003020879060224635e-01 -2.578782594543160833e-02 -6.090620785934728471e-02
3.233096911017650787e-02 1.236138050850297404e-01 -5.941166109050212765e-03 2.394025741820614561e-01 4.350353760740005571e-02 -5.649807483984341933e-02 5.104471050993077998e-03 -1.573077567764352702e-01 7.074273307523594456e-02 -3.522430342062149444e-02
2.446653460662786064e-02 1.026807312055293964e-01 7.882402624816318634e-03 2.855095075733750098e-01 -1.054125989541919439e-01 -8.638102916530532305e-02 1.354596944249424756e-02 -5.606417952092937473e-02 -2.371970172791470349e-02 5.167426414465143419e-02
1.729596630752630593e-02 7.447446533423567050e-02 4.229141194601049314e-03 2.005192524465346515e-01 -5.716292345686802001e-02 -4.804246174317363359e-03 -3.078913523383560412e-03 -1.560697687065816519e-02 -1.238012097794092686e-01 3.334402044033146252e-03
3.128353121142098126e-02 1.326876576961682208e-01 1.006276005707433183e-02 3.496148764159250355e-01 -1.168760398375666976e-01 -7.435148059570183265e-02 1.228739772690247943e-02 -1.131244479223180756e-02 1.204607695327451940e-02 7.106314453393357267e-02
4.836864647581799737e-02 3.047004620525694540e-01 -7.851922667244783105e-02 3.118569432191932167e-01 5.543747204928091421e-02 -5.240224418858100905e-03 1.608371715049586315e-02 -1.291214584786111730e-01 1.232926007879978775e-01 -5.371375002551412314e-02
1.787116148623082990e-02 7.911425310667223598e-02 1.128841414424922897e-02 1.885914021805562557e-01 -4.431544278398383968e-02 -3.721621927403350599e-02 1.142437658107581765e-02 -4.802406514161840917e-02 4.076377441120574915e-03 -6.051003206871169611e-03
2.000320963401305482e-02 8.339608121648123262e-02 1.178943810142685233e-02 2.117743704612752020e-01 -4.821748661775807077e-02 1.744073740426193772e-02 8.890775072163457568e-03 -5.326031176189950644e-02 2.960468645242261831e-02 -3.385281157748109421e-02
2.464565374720010735e-02 1.110813800572086757e-01 -6.746572042464621388e-03 2.830112921001404214e-01 -1.052811769751166998e-01 -1.576412576167720014e-01 -2.923268607982254085e-03 1.131057142547023248e-01 1.458859851803191443e-01 9.646031484918843324e-02
2.997137518734320494e-02 1.265282178716395090e-01 8.318202093788140683e-03 3.561151304545949192e-01 -7.359691307599813825e-02 -5.462900062754951630e-02 1.730845994959889279e-05 -1.186551988767568511e-01 -8.778539260581723347e-02 -7.420242053578557026e-03
4.741675982542869344e-02 3.850997905123140774e-01 -1.279547769861462125e-01 1.271282816350165212e-01 -1.389125357406577888e-01 6.359790417835757825e-01 -4.304415128814501751e-02 4.955698099373270771e-01 -3.071017866060467370e-03 3.202905373789115967e-02
1.634346535264659048e-02 7.104000455731834807e-02 3.765689877341155470e-03 1.783420760526073789e-01 -2.335317515377519082e-02 -4.053187961462111771e-02 7.150475299606308399e-03 1.743643184731786741e-02 -4.181102268668029226e-02 2.113176255801502840e-02
3.000509421339032923e-02 1.374330150120565974e-01 1.673171163034743725e-02 2.691272707017277055e-01 2.871519574625977858e-02 -9.021979348392120124e-03 9.981719892962846036e-03 -6.515828939085833993e-02 -6.510432407492175444e-02 5.660662193813129767e-02
3.774957231771852023e-02 1.193751731331562094e-01 -7.957714218849835236e-03 2.195933635996406008e-01 -7.839957622317426933e-02 -2.192554988941324001e-02 6.134846983662360122e-04 -1.422972614120147083e-01 -2.265153978298282689e-01 8.207614427887532926e-02
2.942428924120734507e-02 1.079260027938175187e-01 1.345701731876944481e-02 2.776907773142935909e-01 -7.611887366767955410e-02 -3.958272819825039979e-02 1.665186277382723137e-02 -1.014834214581990385e-01 -7.094205324808487700e-02 -5.393879262020174342e-02
2.761965257073615773e-02 1.211276337114850221e-01 6.611059714394395929e-03 2.632178570710783649e-01 -6.330746095364647719e-02 1.220527277298042446e-01 4.714962093799788634e-04 2.359601034531232794e-02 -1.179373729599918902e-01 8.442098779818081947e-03
3.483887089399098635e-02 1.313498197004749901e-01 8.582992347108889600e-03 2.721331292942857361e-01 -9.637777632489370749e-02 6.231274768405904718e-02 1.731621100293667323e-02 -1.365054643679402407e-02 1.950172085296501823e-02 3.877403314182849975e-02
4.455222487347155341e-02 1.763662547883348419e-01 -9.165459230522008532e-03 4.225712116444794164e-01 -2.962049800277316569e-02 1.537555213454135095e-01 1.527451121649910830e-04 -1.268773545300166429e-02 -1.686800020698224489e-02 -2.947901834058374443e-02
6.103906669699776105e-02 2.345352689780668687e-01 -9.910482200834864336e-03 6.837192040215743782e-01 -6.214401907021962351e-02 -2.421810253275667041e-02 1.196725744287637644e-02 -1.662527254468131044e-01 1.170529128900836269e-01 -2.002339210888725088e-02
3.906484675477830265e-02 1.568040463579529475e-01 1.794680058483028723e-02 2.778955254923753393e-01 -4.476848535461977474e-02 6.392306982382674196e-02 -2.653120749918401813e-04 -7.568743771230281026e-02 -2.842662084784321475e-01 1.002255788095222228e-02
2.686051634357131471e-02 7.181919431861158443e-02 1.073749570088638333e-01 -9.683075839832768622e-03 -1.571597840015183725e-02 3.393359126267821158e-02 1.087601016918419809e-02 1.604262037097293342e-02 3.000283334285003614e-02 -8.332372936446973133e-02
3.588143127971222396e-02 1.169966241040658744e-01 2.455856239733844593e-01 -3.452685476836754586e-02 1.220352016945473739e-02 -1.838210636680974452e-02 -8.480520428245109585e-03 -1.322595071454041316e-02 -1.159493167514830982e-02 -1.354118011815135803e-01
3.937986808261009775e-02 1.169663767644513463e-01 2.894235606328960375e-01 -1.948033652079066147e-02 -1.390953380834475221e-02 2.333292346555077695e-02 8.479573107483852346e-03 9.252033959677715552e-03 -9.228189279570091219e-02 -1.950905465754988466e-01
1.557573052416473362e-02 5.752493341939307614e-02 3.501144082021530324e-02 8.201086740379046058e-03 -1.649923832939130877e-02 -2.092340198943125253e-03 1.788357054517558621e-03 -1.298324113837787293e-02 -2.121934603367779670e-02 2.734690774202236732e-02
5.735332396795887050e-02 1.871045785696439923e-01 4.527192405348877680e-01 -4.053313155888593755e-02 -1.237132220165563547e-02 -2.584235384517105313e-02 6.284873297362794826e-03 2.772833302015040302e-03 -2.040530733590692827e-02 -2.339500532244104536e-01
1.895085726220225794e-02 5.152974008706522058e-02 1.367259462478999377e-01 -2.058978747115927307e-02 -2.078160137935002733e-03 6.575109075958505099e-03 4.773451357729005008e-03 -4.689925166492379840e-04 5.232188734412794584e-02 1.396085322095130116e-02
3.792228414719174545e-02 1.321381192113771919e-01 3.769322384589117725e-01 -6.858869132897572884e-02 1.995426695167742612e-02 3.319617803124592231e-02 -6.905450785579698991e-02 -3.673859307742815411e-02 8.275712896048291467e-02 5.307623991473795488e-01
4.115583500034587783e-02 1.401308270309078174e-01 3.755020906516133294e-01 -5.546668898839827999e-02 6.566453391112342039e-03 5.342695644824208522e-03 -6.123864906508857259e-03 1.715145496862281738e-02 4.529298685917408640e-02 -2.750930947780124147e-01
1.885319499425152159e-02 5.957945278837729897e-02 1.076518488032127269e-01 -1.089193228461225217e-02 -1.783939672418452527e-02 5.425181834211811188e-02 2.308166468086141759e-02 2.896934097853082202e-02 4.636055862953857715e-02 -1.137370686130382141e-01
4.023245301107888222e-02 9.826723293053322983e-02 9.621767951197775226e-02 2.954091919787458359e-02 -3.071439135566894629e-02 -8.615207543109927590e-02 2.980655520311394253e-03 -5.277288712136032206e-02 -1.504066999052948786e-02 -1.951606748724826063e-02
2.541566319439770086e-02 7.014923212523400953e-02 1.992952681905376111e-01 -3.173954361390531748e-02 -6.712252572071154486e-03 -3.617627497551727245e-03 8.104385825226916723e-03 -7.088338918010658393e-03 -8.945663200896736278e-03 -5.150097855480934711e-02
3.837034862810272118e-02 1.448754875633371242e-01 3.367309511907125574e-01 -6.713917129352840740e-02 1.019091326652862492e-02 -3.857777908371655406e-02 -6.477695686334688195e-03 3.852129607435304803e-02 5.398103456333094158e-02 -1.247287038589840469e-01
5.846669438461279955e-02 2.509517659766289169e-02 5.442018826157644235e-02 -7.767473279234183084e-03 -8.674866658384600138e-03 -3.294891575280513990e-02 9.811582038959343333e-01 1.019310603718213970e-01 -7.476785371723660215e-03 7.674854005728669326e-02
5.848878744785237366e-02 2.510369591407354828e-02 5.443706472512528649e-02 -7.769552295793049658e-03 -8.675833661407231917e-03 -3.295038440458431667e-02 9.811586920465148465e-01 1.019304310909607825e-01 -7.474895175386481010e-03 7.673987722662069244e-02
4.088313630209718802e-02 1.029990793504069607e-01 2.787303628192807081e-01 -5.412483532042085960e-02 5.565530309863477715e-03 9.483093943265078624e-03 -2.349374079797334966e-02 -1.117314739973402499e-02 1.491722187110883918e-02 1.192997462051481189e-01
2.156145530403110258e-02 6.071723482889727908e-02 7.209908062839508192e-02 7.982998630539561366e-03 -1.639645494457700470e-02 5.269521265390604559e-02 1.574199066499836278e-02 3.942622238515806204e-02 5.726871271098616517e-02 -7.152660854460159146e-02
5.507324650275306072e-02 1.795175290391404499e-01 4.919737069535622398e-01 -6.038952800561896150e-02 -1.322224078329952736e-02 -1.981319639947873995e-02 -1.010252373684045191e-02 6.057842370693462125e-02 -4.923716610614953942e-02 -2.536749141093078697e-01
3.531673269370574214e-02 1.028012455228893840e-01 2.407077245237801699e-01 -3.157860811990587796e-02 -6.352250180784901196e-03 -1.427010712058810610e-02 4.647576819520418678e-02 -1.472023986423537031e-02 -1.238752263200269647e-02 -7.127416917678612573e-02
5.464308049979214876e-02 1.650982022990243325e-01 3.972263894435399956e-01 -6.456917048527349712e-02 -1.820374652731833812e-02 -1.123008547395798126e-02 -3.306470176902105099e-03 -1.299663400609909689e-02 -8.011351065987933062e-02 -2.570241450877258083e-01
1.607884160758834766e-02 4.408261540863652600e-02 1.004846711043831248e-01 -1.421330982943355345e-02 -9.781325287699944165e-03 -1.489982171455377959e-02 5.327466187751016442e-03 -3.154506797829459419e-02 -2.683586253809021351e-05 -2.801074296894681681e-02
3.831578602696222857e-02 1.054371571367501287e-01 2.853730537212550988e-01 -4.633774883594061339e-02 -3.165848127628558949e-03 7.051898092599631976e-03 1.398124031793675053e-02 1.637792425420367013e-03 3.554675416433124985e-02 4.915066297275459684e-02
3.053516067592121699e-02 8.916670408134398651e-02 2.316312991804236887e-01 -3.038012553183702669e-02 8.638929162452017169e-03 -1.131821168913058583e-02 -8.308782797072559664e-03 5.965352780015986678e-02 -3.828837694171556560e-02 -6.807473228748824046e-02
3.487922095259961969e-02 1.180056611617013168e-01 3.248005312619079432e-01 -5.362482050892805607e-02 2.095008535820409162e-02 -1.402084356964109629e-02 -1.798168475756315582e-02 3.080563865771502371e-03 -1.312835552217415415e-02 -2.911651375233698796e-02
4.962442845160241339e-02 1.711074020731737366e-01 4.776897789502258518e-01 -7.924118667341301103e-02 4.768041413921104629e-03 5.139383923230621959e-02 -5.123768225712470314e-02 1.266287320896256757e-02 6.723145132875175956e-02 2.822848281721602737e-01
4.653968221606486627e-02 1.582638960980193299e-01 3.879804646423778425e-01 -4.920369590181113140e-02 9.927611072866229357e-04 4.295440459068786132e-02 -3.960774970171071496e-02 1.306558219041028298e-04 8.019874825267482576e-03 1.703148330040769598e-01
6.298017656237489548e-02 1.970070497828349532e-01 5.334454114954441106e-01 -9.007635782664628887e-02 2.921089358684947606e-03 2.373738403651162645e-03 -4.507887351427404023e-03 2.974083669366946615e-03 2.369609038199950793e-02 -7.915750071478251659e-02
1.145217052363566024e-02 4.631621209504584863e-02 9.686588652083930051e-02 -4.611655031354741814e-03 2.867098769390081375e-02 -1.238439897342723077e-02 9.068632975494119591e-03 -3.826297905026284155e-03 -1.333050580276796265e-02 -6.440635583913765540e-03
4.156331137365495282e-02 1.354123615085363053e-01 3.552791894654807603e-01 -4.504014521909016633e-02 -6.682405363408276330e-03 -9.236167479872279054e-03 1.128315777187666354e-02 2.108691720263323327e-02 1.571777631307294185e-02 -2.325212529968820607e-01
2.574751566193886343e-02 8.995653798299234338e-02 2.059250252433141859e-01 -2.422840161674013476e-02 5.691479424803100838e-03 1.021325679072762269e-02 7.698982110124132083e-03 9.665617506820708277e-03 -5.497791054014254664e-02 -1.431034689695812601e-01
5.171083671632858286e-02 1.724652441080925802e-01 4.693509851179399894e-01 -6.830464629406095278e-02 -2.565998251382745673e-03 2.573462445374286728e-02 -7.080755471947249718e-03 3.697370370998980665e-02 6.770318194957308106e-03 -9.551317856367795567e-02
2.851193570670356239e-02 1.010107989939534046e-01 2.903734483010780854e-01 -4.701763994561557192e-02 1.403192312612784598e-02 1.481231919795519478e-02 -3.229244362658876405e-02 -2.612976219468221561e-02 1.909240186660286429e-02 2.767102326363587994e-01
3.908066930189547927e-02 1.147581179830299003e-01 2.870870506379518683e-01 -4.952161102937268494e-02 -4.024358000876302084e-03 -2.320302000632141690e-02 3.715793930584015449e-03 1.164678616114204514e-02 -9.384257523288616620e-02 -1.444022766075566677e-01
9.885827382617413672e-01 -1.349404498593670398e-01 -4.917798201630251692e-02 -1.878151529923643634e-02 4.823824288623643208e-03 4.762723952727807193e-03 -1.701753577747163251e-02 5.986019296326919141e-03 9.925097700523204461e-03 -2.581521721682720344e-03
3.944569316158782341e-02 9.164505214154598789e-02 2.560098537184625767e-01 -4.243236673516070923e-02 3.523230379252719532e-04 1.531362972534082434e-02 5.900928277327324029e-03 3.155048636398979228e-03 -1.100494705615739401e-02 -1.441966020866808085e-01
2.938045725330180186e-02 6.984628259405697981e-02 1.138280236692645053e-01 -5.323094477985983695e-03 -2.412741765622534312e-02 -4.349059619497225304e-02 5.924383984908947014e-03 -7.854414338129070416e-02 -3.255710592478569532e-02 -9.402502786539747304e-02
5.461590294576004062e-02 1.644849164163887656e-01 4.481811634813073764e-01 -6.755301171828126394e-02 4.419601278583138587e-02 7.228451829497765067e-03 -4.597423846444752271e-02 -4.019338182614173860e-02 3.672342914046205359e-02 3.100127461785280869e-01
3.087693178422693473e-04 1.187545495887850017e-03 3.667627132900376161e-03 -6.789265036827908401e-04 6.330790528447324296e-03 6.640063252491803375e-03 1.539703979728506561e-03 1.459142813287160438e-02 -1.708899490301037452e-02 4.057069712108380029e-03
5.171704575956179856e-02 1.590592580978708592e-01 4.354157991872582012e-01 -8.014074383825754710e-02 2.654404406269611147e-02 2.083759531216094335e-02 -6.901236204594071721e-02 -3.993554057140207697e-02 7.137531841990867043e-02 5.127697989579987903e-01
1.699586812852951420e-02 6.073981902108930436e-02 1.475209175686897078e-01 -2.005667400652714344e-02 -1.964946073686817465e-02 -6.379799810580313174e-03 5.404448242845939776e-02 2.508522801245509012e-02 3.951221028764788368e-02 -5.155440938512105553e-02
3.028817067255789447e-02 6.353521450512436552e-02 6.637725728814743154e-02 -7.540789975569796603e-04 -2.413191338919158310e-02 1.432846006134023270e-02 7.803226162194623530e-04 -3.467771925801956066e-03 -9.330030925922430662e-02 -2.916703728830671513e-02
1.324943796841569071e-02 4.811047881081842448e-02 1.284764445275763667e-01 -2.195393681548886769e-02 4.109498893268197315e-04 5.387767845338299263e-03 -6.805988210978160084e-03 1.555150969910766394e-02 1.878467502149099022e-02 -4.829779222215740964e-02
5.777135004771723203e-02 1.666026468831049434e-01 3.939539097987814764e-01 -4.747198493863217378e-02 -1.409512789940903232e-02 -1.757710245702466187e-02 -1.326978687237682399e-02 -4.717175340835671332e-02 1.872017708504066305e-02 1.828305577231049694e-01
9.890724039237246412e-01 -1.349742684313688379e-01 -4.910025891762336003e-02 -1.880874441307701581e-02 4.818786630145463837e-03 4.754346311928878133e-03 -1.703930624070619515e-02 5.966204416812961875e-03 9.946318998527763078e-03 -2.488702570762021601e-03
5.491948984845903409e-02 1.828503318604345618e-01 4.601089716687669084e-01 -8.012640939133847118e-02 -1.655028075445648048e-02 2.581448495326024717e-02 -1.280819653789975164e-02 2.084224712273050409e-02 4.662104449342142909e-02 -2.879346572609038299e-02
9.889548697894903206e-01 -1.349860454300410295e-01 -4.919315282846432880e-02 -1.878658793675200972e-02 4.824110839396648052e-03 4.762777260917527324e-03 -1.701756067455384783e-02 5.985930279925730582e-03 9.924282265761650082e-03 -2.581162361375084063e-03
9.890724039237246412e-01 -1.349742684313688379e-01 -4.910025891762336003e-02 -1.880874441307701581e-02 4.818786630145463837e-03 4.754346311928878133e-03 -1.703930624070619515e-02 5.966204416812961875e-03 9.946318998527763078e-03 -2.488702570762021601e-03
1.931050850714665854e-02 3.410794014994726620e-02 5.834574787179149652e-02 -1.043151385126609917e-02 -4.549300622074933277e-03 -5.809372780271882843e-03 -5.180716715566313158e-04 -4.227982264074775509e-02 -2.098444459833482059e-02 -4.626727244575831732e-02
9.890724039237246412e-01 -1.349742684313688379e-01 -4.910025891762336003e-02 -1.880874441307701581e-02 4.818786630145463837e-03 4.754346311928878133e-03 -1.703930624070619515e-02 5.966204416812961875e-03 9.946318998527763078e-03 -2.488702570762021601e-03
9.890724039237246412e-01 -1.349742684313688379e-01 -4.910025891762336003e-02 -1.880874441307701581e-02 4.818786630145463837e-03 4.754346311928878133e-03 -1.703930624070619515e-02 5.966204416812961875e-03 9.946318998527763078e-03 -2.488702570762021601e-03
1.504486731051934457e-02 7.108729622830058104e-02 2.353118221357458281e-02 1.744061748648368521e-02 -1.570956368027472821e-02 -2.084507778017343632e-02 2.154596583723513044e-03 1.769557548858719919e-03 -3.390285116693404766e-02 6.999411362978475055e-03
3.950302792433967036e-02 2.272841210256978939e-01 -7.967231595032873981e-02 -1.046079186027002589e-01 -2.369726434994066586e-02 -5.482877349247042981e-02 -1.699858620251352981e-02 -4.201131636305513450e-02 -4.316797941444127512e-02 2.623347280587767436e-02
2.517327980407940355e-02 1.100562113107627082e-01 -2.740297955492231041e-02 -3.996571825829475094e-02 -1.292506154984518658e-02 -6.221147779126630362e-02 -2.516744770063571949e-03 -5.910244246292204601e-02 -1.543534171152868006e-01 3.526361866088045111e-02
2.856182498737862632e-02 2.545530640433471548e-01 -8.595071307457849419e-02 5.537463451353624895e-04 -5.945698540630602741e-02 2.900234386986665913e-01 -2.411667902134644395e-02 2.201629898008745367e-01 -1.571703123070402885e-01 -9.654080958203770449e-03
3.952103247134079039e-02 2.500694329212908573e-01 -1.224749019029567759e-01 -7.502279479592480205e-02 -1.507276632964553269e-02 -5.435043385284335504e-02 -7.707581708978613472e-03 2.456953118578776921e-02 3.349124800630240428e-01 8.259126095102384268e-02
2.428989756254569185e-02 1.320054866687794815e-01 -2.822067376664277871e-02 -4.549441839757555062e-02 -1.781043969099199709e-02 -4.434155449962089157e-02 1.797196710690235344e-02 -5.789342404869585873e-02 -4.010098496186600275e-02 -1.948595773267131417e-02
2.579045884061411525e-02 1.186150805893570054e-01 -5.873687120848652271e-02 -5.900329152151478213e-02 -5.179209008838994363e-03 -1.631894611719107019e-02 6.150123316336407551e-04 -5.778749211349709994e-03 -1.615951620362173977e-02 2.963348889840632799e-03
1.691879936706849191e-02 1.090519616662427721e-01 -9.424860468740206554e-03 7.594249980427483782e-02 6.391833230896354356e-02 -1.957999950979882539e-02 1.016161183122668912e-02 -1.173980985020507545e-01 5.876293213243178465e-02 -8.046583496218656650e-02
7.733026905825521845e-03 5.196649449133861759e-02 -5.668183976680797251e-03 -2.143617387150655723e-02 3.335996234931187278e-03 -5.152249678619227891e-03 2.625386326696958761e-02 -1.883114272109854756e-02 -1.264469356580598565e-02 -7.064302889980772493e-02
1.784879787196603021e-02 1.608391978311682069e-01 -6.515061534184118930e-02 -5.246374159760718026e-02 -1.765816556124310405e-02 -5.876641485415188410e-02 -7.535306118219957557e-03 -8.131549983844708895e-02 6.496977638709192093e-02 -8.519984559807702862e-02
2.806204253052159425e-02 1.224773608337754865e-01 -3.427345014024426456e-02 -1.447135444881969546e-02 -8.848346261079642269e-03 -2.347198586745451870e-02 1.735904473570915388e-02 -6.033729762609958691e-02 -4.291819634347899398e-02 -8.261440911700142220e-02
1.429148435832407367e-02 1.290443697874706086e-01 -3.814193473564924525e-02 -2.512010080843732687e-02 2.431151211564251333e-02 5.966547025224223748e-03 8.848713316250087987e-03 3.873966047376253136e-02 1.167018429656229914e-02 6.276674067034827657e-03
7.607012698952597685e-02 7.569706645220879437e-01 -3.641532474783428786e-01 -3.412088609395299010e-01 -1.729848670993341248e-02 -4.792620808630206758e-02 -6.093527805206367352e-03 -1.953141864636825931e-02 5.322470503780817042e-02 -1.311842982966300933e-02
1.391355944698275705e-02 1.180383608720503436e-01 -3.533286060690399299e-02 -2.643945881273742499e-02 -4.138139499344294786e-02 -1.758393922893012329e-01 -4.151001467662941702e-02 9.883491474094781293e-02 -1.452135515285700104e-02 5.572936229565599725e-03
2.603817465281947283e-02 2.645451584687521507e-01 -1.247194715685566724e-01 -1.013072120482845923e-01 8.128732532410197498e-02 -4.644493989382335319e-02 2.480488915101771580e-04 -3.311509408289921297e-02 4.584075901846441231e-02 1.432465616746426279e-02
7.607012698952597685e-02 7.569706645220879437e-01 -3.641532474783428786e-01 -3.412088609395299010e-01 -1.729848670993341248e-02 -4.792620808630206758e-02 -6.093527805206367352e-03 -1.953141864636825931e-02 5.322470503780817042e-02 -1.311842982966300933e-02
4.003148202056820010e-02 1.061898002603229169e-01 -6.571611789372271964e-04 -1.714703306620884299e-02 -2.740896566284436661e-02 -5.854702512813545617e-02 6.332696009768119978e-03 -9.904501588702947779e-02 -1.949533063889335727e-01 4.751166351596691761e-02
1.572824933049624466e-02 1.557790835699677523e-01 -6.884612592999940495e-02 -5.555228410997171962e-02 -2.295559537238580500e-02 -8.083242408620270464e-03 7.874645891775994624e-03 -1.001927802105649287e-02 6.835117144883735840e-02 -3.451609583804505360e-02
2.330846277285159723e-02 1.018263358973721389e-01 5.672012502664063732e-04 -2.314272462845915618e-02 -8.225371878516551591e-03 -5.026216031278397250e-02 2.391192171283522058e-02 -4.398157819608041613e-02 -5.079006031157139861e-02 -3.483796147255840969e-02
2.288615083651836246e-02 2.122825221759543635e-01 -8.641037525591233059e-02 -7.140179944238236875e-02 -2.255708107740392657e-04 -4.362059726936338977e-02 4.391597484313201211e-03 -7.435699953129651374e-02 8.165846657423468657e-02 -1.045489145499592515e-01
8.769876451656676009e-02 2.694446540748485774e-01 -5.237042199138826348e-02 1.696815203345102430e-03 -1.050859348938458504e-01 -1.442437872565559553e-01 -2.328872107688627693e-02 -1.696332450076684650e-01 -4.077562425005939462e-01 1.101286691632164388e-01
1.891606048613931473e-02 1.830385727959139563e-01 -7.071650245202520946e-02 -7.284120329241326741e-02 2.517381305997375401e-03 -2.125895425684490650e-02 3.416620278619596023e-04 -1.286355446792715983e-02 5.492980326012630865e-02 -7.918533336530496347e-02
1.466164355084693081e-02 1.436655155363097403e-01 -5.697341463747171431e-02 2.757342703819433763e-02 6.703339749325336605e-01 -7.322097541980675250e-02 -4.204698159250260317e-03 1.702767778446311886e-01 -1.009521022186035261e-01 2.870119414371318303e-02
5.369149463294776992e-02 5.151000605750328809e-01 -2.068945568549273029e-01 -2.421522474808785186e-01 -1.708284095825542484e-02 -5.321872385864198640e-02 2.787799939364530091e-02 -1.781536541319959574e-02 5.278203703159833199e-02 -4.705789979094911202e-02
1.961964945631831936e-02 9.443001286466887190e-02 -1.608249823236411469e-02 -3.596421709436777719e-02 -7.864050461060579506e-03 -3.034693323382492772e-02 1.905418452767439208e-02 -4.253052831097970526e-02 -5.056497109754059388e-02 5.588014657877390240e-02
1.149249919216293464e-02 1.109766498658114470e-01 -3.893708629745683270e-02 -3.422240404151203480e-02 -2.033353326037142320e-02 1.150386582122912976e-01 7.388603190447955030e-04 1.072380282933051293e-01 1.190261849756370748e-02 2.834661870032465988e-02
1.388864638703701110e-02 1.375839895728770135e-01 -6.286586706695171389e-02 -6.842019883159268512e-02 -1.035203359273371461e-02 -1.416451603782547045e-02 -6.996991161175428187e-03 -1.616953752411015577e-02 1.615709173415276131e-02 -2.763567461957105141e-03
1.699851547401906235e-02 1.731279274490430120e-01 -8.375576197974249348e-02 -7.726651023247101124e-02 -1.026947681429253058e-02 -2.083007881909255607e-02 2.053028423860789320e-02 -2.100656335830006910e-02 1.482835305573939610e-01 1.349505643643249611e-02
1.308876056208516450e-02 1.066132959211958109e-01 -2.774962772391242199e-02 7.783417401878572894e-02 7.409649563197396871e-01 -9.057840443610380710e-02 -2.898507197563285863e-03 1.807746233841493466e-01 -1.175045463492441628e-01 3.099536818642465233e-02
2.035482737725227698e-02 1.348115462384463781e-01 -1.197515602221907276e-02 1.198278925657447931e-02 -3.385292282921516238e-02 5.661024092216324077e-02 -1.886485114664635454e-03 6.796359909760474327e-02 -1.018020359705791231e-02 -5.577227861503195050e-02
9.239916134654340557e-03 8.890225264012309447e-02 -3.651856962602768181e-02 -4.123789554384080236e-02 -1.296308270181145174e-02 -3.087067960316289272e-02 6.301100545141037797e-03 -3.922830569379898678e-03 -2.697031169143337612e-02 -3.847692355894710009e-02
2.130532725924255341e-02 1.772822933530301404e-01 -2.112874102427222262e-02 4.724161911952014237e-02 4.106711669760094718e-01 -7.068494171498670986e-02 -1.014744947248541820e-02 -1.607124569212850865e-02 8.941993167943824983e-02 3.022199459535636692e-02
7.369806718900417074e-03 7.259222979961230116e-02 -3.281852984903797787e-02 -2.864185798053708529e-02 -7.973370403042100152e-03 -8.469385650744426508e-03 -4.109942947334920688e-03 -9.315037268936489367e-03 3.058098537537776856e-02 -1.750538876825909543e-02
1.680026171716254499e-02 1.562816005257340324e-01 -5.168676022354660310e-02 -6.360709309094038366e-02 -1.626729906319052468e-02 -8.491859023077412416e-03 3.827378812842090888e-02 -1.564340322570690126e-02 4.336156532105323036e-02 -3.591225488762227885e-02
4.650153646963142012e-02 2.392530202641080517e-01 -8.951480479722333239e-02 -9.589696709504798300e-02 8.324900908388683379e-03 -3.199661268755558952e-02 4.475434274856885525e-02 8.267315209834348588e-03 -1.644758564465044481e-02 -2.471556396787890145e-02
2.070990682113342876e-02 8.900894275585621851e-02 -2.957025037460419593e-03 2.204243537631315163e-03 1.281645059972912580e-02 -2.211977437813702693e-02 6.393347200379507003e-03 -2.974327155904326822e-02 -8.509817745867901545e-03 2.783064172196819328e-02
1.783118209356678377e-02 1.509048487370450997e-01 -3.248308661921250201e-02 1.320273063566186232e-03 -5.171988482435433375e-03 -1.589153387911222334e-02 7.535378840313887612e-03 -8.448884629018263079e-03 1.090644907074071746e-01 -7.163643114846891813e-02
3.193178339503718877e-02 1.759753575938135528e-01 -4.631250662007048435e-02 -5.482503637995939094e-02 -4.639962086612548636e-02 -6.028583180008890291e-02 -7.603397040583399942e-03 -6.176655200193680029e-02 -1.431764859972015080e-01 1.056287645373077122e-01
1.220723135789861941e-02 7.454419227781278190e-02 -6.968961241558387955e-03 -3.199455088576091955e-02 -1.697511614393550214e-03 -1.567628498361362107e-04 5.363942187587800343e-03 -2.166132258419574755e-02 2.314799753836210665e-03 2.741289991230019124e-02
1.087896864499120729e-02 1.030701940257546662e-01 -3.532390665390986589e-02 -4.454340218055945211e-02 1.602896749313025698e-02 -1.890657685600990318e-02 5.173188338612913321e-03 -9.902304766944418357e-03 6.442628707897164742e-02 5.420821323664610451e-04
2.626732719802088445e-02 2.614973467289733455e-01 -1.265246186509287885e-01 -1.114407433192004387e-01 -1.318900008750560453e-02 -3.456712935772700973e-02 -4.923531542117832484e-03 -1.124959719050879631e-02 -7.385099702934500021e-02 1.347890659298954345e-02
1.127928476009293184e-02 1.155620044926697343e-01 -5.513844124673949326e-02 -5.186048497800192086e-02 1.562750381380144729e-02 -1.752194215449130385e-02 8.520743983930847282e-03 1.183099089538346312e-02 -1.986287766572412614e-02 -6.611900506954075489e-03
1.804384908206474458e-02 1.867985073539940866e-01 -9.249926642562840418e-02 -9.072768625724182689e-02 -3.102429086287160440e-03 -2.186413319647867795e-02 -1.772896363482249441e-03 -1.908235225527176891e-03 1.813888168095894801e-02 -3.752180962546663393e-03
9.751572179430997855e-03 8.303647445373096847e-02 -1.729274892917106662e-02 -2.049193838333456669e-02 5.592307825297602314e-03 -2.105889875935228542e-02 1.116365644337344830e-02 -4.551435939145823985e-03 3.709152598251825965e-03 5.633650058300606993e-03
1.313097323273851140e-02 8.945663297180049545e-02 -1.759500357126299319e-02 -4.509614254133345775e-03 -1.066978028844665048e-02 -2.268511289018029786e-02 1.103453796226540502e-02 -5.306703865053174346e-02 -6.823542384076184200e-03 -2.608064096131024797e-03
2.966376104621898380e-02 3.059650677868372415e-01 -1.515038528120934425e-01 -1.477490470611810824e-01 -7.143611618981756707e-03 -2.441645607590651676e-02 -6.165182410767736619e-03 -1.866702622986108825e-02 3.548989088601598590e-02 -3.781232039565677380e-03
1.007409171305164407e-02 9.657658046822484299e-02 -4.062845890972510005e-02 -3.538587199411492162e-02 1.132887416905650063e-02 -2.360269974777028795e-02 5.341482174922372421e-03 -3.415978527012576704e-02 7.294800134788387291e-02 -1.439096053729793483e-02
1.201513587839769456e-02 1.243363937806152425e-01 -6.198473948226615460e-02 -6.049089488609864229e-02 2.146237499613436726e-04 -1.436495803797023865e-02 -9.945853679044863033e-03 -1.419639274383837670e-02 2.462479599543346970e-02 6.610956491524331083e-03
1.603099535152868391e-02 1.153703135138792468e-01 -3.144693989123210215e-02 -1.824156389076833293e-02 -4.146525668687878197e-02 7.253888975352650037e-02 8.198077480561170513e-03 6.209150620744317839e-02 -2.032221081069474772e-02 3.760337965470203492e-02
2.712388409196994990e-02 1.699103259433701885e-01 -1.875172937420952618e-02 -2.635863364318574709e-02 -2.879911149427824904e-03 1.762382058757028941e-02 1.120674628180095417e-02 -9.580710303729733299e-03 1.364787685234284190e-02 -8.859928356866665633e-02
1.600136279781853507e-02 1.431063236906705560e-01 -4.558411690943577066e-02 -1.559244819970225827e-02 1.869950635050923390e-02 -4.094884827896365376e-02 -1.148649067099839945e-02 -6.205325220715286749e-02 2.301683197447990936e-01 -3.032842825814585988e-02
2.262769540816461991e-02 2.307470401302760543e-01 -1.093902388387762020e-01 -1.114710590224164410e-01 -1.229953943885590296e-02 -1.658693810920614659e-02 2.152765990509548574e-03 -1.264432506981794622e-02 3.496580451575703047e-02 -1.725412957001883074e-02
1.790318842782280540e-02 1.785698996737126731e-01 -7.906934961557178509e-02 -7.531239824829263907e-02 -1.244893440943144365e-02 -1.870910770904027007e-02 8.214161889805678129e-03 -1.766046559838314878e-02 2.462939809827007637e-02 -5.771198073744455807e-03
1.112303699857314088e-01 5.971428175375881331e-01 -2.385454064421826947e-01 -2.358738421842792310e-01 -6.649564181141331964e-02 -1.289386612445854730e-01 -1.551521501635411138e-02 -1.616110920148358943e-01 -2.916357433610487493e-01 7.320656406828729423e-02
1.295510541050036608e-02 1.313815871256419077e-01 -5.950112390981060484e-02 -6.278345322796917427e-02 -1.714244448627063201e-03 -1.528150890730209724e-02 -2.579847629396804769e-03 6.487617630098980797e-04 -8.908273981082962673e-03 -2.557413521880522872e-02
1.294132705955363186e-02 1.304957491352042032e-01 -5.736999268732663471e-02 -6.354659940171010490e-02 -4.646937244681825438e-03 -3.808165443129181860e-03 -7.783778610695196547e-03 -1.852818866244192175e-02 1.393453652426387794e-02 3.200873723203587901e-02
4.327237877821170364e-02 4.282345799427628164e-01 -2.009591198828111214e-01 -1.872057880397437479e-01 -1.765176692136322806e-02 -6.048748318303102944e-02 -3.500691136843916192e-03 -3.959596405726173440e-02 2.175465466572711060e-01 6.997626531342809007e-03
1.563813170659580226e-02 1.126138126278319190e-01 -1.335155309092212438e-02 3.926209196933366091e-02 3.096136270536196111e-01 -1.032812425507177445e-01 5.438515928433021104e-03 1.343118139471549954e-01 -4.462229562729713023e-02 3.286752451369823885e-02
1.040172742347424822e-02 1.001715044289895606e-01 -4.048823609418221448e-02 -3.356439848970514672e-02 -8.692536251878640180e-03 -2.936790623502283717e-02 4.344586926519585987e-03 5.765819191994574038e-03 3.037635054924699152e-02 2.553195712071737802e-02
3.525363112139296567e-02 2.065052268302085825e-01 -8.793493006039374005e-02 -9.046625305897926239e-02 -3.346136648345141712e-02 -6.591556882945537321e-02 -9.535795323027066589e-03 -5.746916736426812417e-02 -2.101799708340667261e-01 4.476896218085218287e-02
